2183 2174 2171 2167 2178 2221 2186 2166 2196 2204 2229 4317 4300 4292 4281 4285 4288 4295 672 650 640 624 623 606 601 597 595 593 631 710 711 712 714 731 803 831 829 830 833 947 948 949 951 977 982 1044 1876 1886 1836 1814 1809 1832 1833 1816 1818 1869 1895 1973 1970 1961 1953 1975 4575 4572 4571 4562 4552 4550 4564 4567 
6017.82 mins
10388.73 km
31.98 km
10356.76 km

3478 3476 3474 3472 3462 3456 3454 3452 227 194 162 159 139 134 128 126 129 184 236 237 238 239 270 309 592 593 631 710 711 712 714 720 724 727 736 790 810 2619 2620 2621 2622 2604 2571 
4072.23 mins
6930.33 km
28.13 km
6902.19 km

3430 3429 3418 3413 3398 3395 3388 3379 3364 3362 3369 3387 3422 4678 4677 4676 1054 1020 1009 1003 977 951 949 948 947 833 830 829 831 837 845 866 
3067.16 mins
5006.03 km
37.62 km
4968.41 km

1998 1977 1982 2001 4494 4502 4499 4497 4505 2025 2009 1981 2004 4859 1875 1850 1834 1823 1813 1812 1810 1806 1803 1822 1831 1835 1870 1876 1044 982 977 951 949 948 947 833 830 829 831 803 731 714 712 711 710 631 593 595 597 621 627 667 701 1115 1079 1100 1102 1126 1148 1174 5867 5868 5869 5870 
5366.26 mins
9515.73 km
28.48 km
9487.26 km

2108 2100 2081 2066 2049 2041 2035 2031 2029 2033 2034 2037 2051 2085 2096 351 337 290 281 273 269 261 248 243 240 238 242 253 292 306 328 3889 3894 3907 3910 3921 3991 3989 3988 577 588 
2714.59 mins
3263.1 km
38.77 km
3224.33 km

6062 6055 6051 6036 6030 6028 6026 6014 6007 6002 5995 5994 5993 1124 1117 1116 1108 1097 1085 1079 1115 701 667 627 621 597 595 593 631 710 711 712 714 720 724 727 736 790 810 2619 2620 2621 2622 2604 2571 2556 2561 2569 2563 2557 2566 2572 2560 2553 2554 2574 2578 2587 2598 2610 5923 5925 5928 5933 5938 5940 
4875.31 mins
7431.58 km
26.18 km
7405.4 km

1047 1040 999 995 977 951 949 948 947 833 841 890 902 925 4977 1755 1745 1741 1734 1717 1715 1707 1706 1631 1601 1272 1266 1275 1258 1256 1247 1239 1225 1228 1233 1226 1223 1220 1285 1292 2073 2062 2043 2040 2035 2041 2052 2044 2050 
3488.62 mins
4396.55 km
55.52 km
4341.03 km

5963 5961 5964 5971 5975 5979 99 91 85 77 67 64 61 59 50 37 11 7 5 2 0 1 3 4 6 8 10 13 17 24 28 35 47 49 
2945.94 mins
4408.46 km
26.76 km
4381.7 km

5645 4823 4827 5559 5560 5561 5562 5563 5564 4826 5686 5685 5684 5681 5679 5677 5676 5678 5682 921 919 877 869 835 834 832 831 803 731 714 712 711 710 631 593 592 309 270 239 238 242 253 292 306 328 3879 3891 3903 4335 3555 3543 3530 3536 3539 3533 3567 3586 3590 2358 2351 2347 2342 2340 2332 2314 2311 2306 2294 2290 2280 2272 2265 2270 2276 
5590.91 mins
9072.6 km
31.34 km
9041.26 km

3405 3402 3400 3392 3390 3379 3388 3395 3398 3413 3418 3427 4456 4443 4409 4406 4393 4397 4400 
1580.67 mins
2074.96 km
38.46 km
2036.49 km

3033 3028 2985 2978 2970 2966 2953 2946 2938 2945 2954 2964 1050 1036 1027 1022 1013 1006 974 973 966 960 956 952 950 949 948 947 833 839 853 854 941 4717 4718 4719 4720 4721 4722 4723 4724 4725 4726 4727 4728 4729 4730 4731 4732 
3306.59 mins
4681.05 km
39.04 km
4642.01 km

5310 5282 5262 5231 5219 5217 5216 5218 5211 5174 5144 5131 5125 5120 5098 5099 5100 5108 5115 914 912 897 880 866 845 837 831 829 830 833 947 948 949 951 977 982 1044 1876 1886 1836 1814 1809 1832 1858 1851 1839 1889 3425 3424 
3869.9 mins
6232.08 km
22.12 km
6209.95 km

5312 5296 5289 5283 5262 5231 5219 5217 5216 5218 5211 5174 5144 5131 5125 5120 5098 5099 5100 5108 5115 914 912 897 880 866 845 837 838 842 852 862 868 886 899 932 946 5717 
2894.99 mins
2681.2 km
47.46 km
2633.74 km

4601 4600 4595 4588 4585 4583 4582 4581 4577 4575 1975 1953 1961 1970 1973 1895 1869 1818 1816 1833 1832 1809 1814 1836 1886 1876 1044 982 977 951 949 948 947 833 830 829 831 803 731 714 712 711 710 631 593 592 309 270 591 535 491 479 482 484 489 492 515 518 539 575 5732 5726 5725 5723 5721 5722 5724 4092 
6863.58 mins
12208.93 km
34.72 km
12174.2 km

2858 2881 2884 465 422 395 390 386 370 362 358 366 393 1066 1065 953 949 948 947 833 841 890 902 925 4977 1755 1745 1741 1749 1742 1748 1765 1783 4956 801 807 
3791.41 mins
6753.9 km
20.62 km
6733.28 km

2633 2632 2631 813 774 765 733 726 720 714 712 711 710 631 593 592 309 270 239 238 237 236 184 129 126 128 134 139 159 162 190 208 230 3500 3498 3497 3495 3487 3485 3481 2375 2363 
4074.1 mins
6217.53 km
49.68 km
6167.85 km

417 410 391 387 392 383 368 363 362 358 366 393 1066 1065 953 949 948 947 833 830 829 831 803 731 714 712 711 713 82 66 78 828 
5398.89 mins
10226.12 km
51.55 km
10174.57 km

3042 3036 3007 2999 2993 2986 2981 2965 2943 2949 2939 2931 2932 2936 2941 2952 2958 2962 2498 2486 2480 2495 1657 1642 1610 1582 1570 1561 1559 1558 1298 1279 1270 1263 1256 1247 1239 1225 1228 1233 1226 1223 1220 1285 1292 2073 2055 2039 2033 2034 2037 2051 2085 2096 351 337 290 281 273 269 276 263 258 294 304 313 4284 4276 4274 
3792.74 mins
4516.89 km
27.51 km
4489.38 km

5971 5975 5979 99 91 85 2567 2559 2550 2548 2557 2563 2569 2561 2556 2571 2604 2622 2621 2620 2619 810 790 736 727 724 720 714 712 711 710 631 593 594 610 611 663 687 688 680 685 345 
3466.16 mins
5468.12 km
22.84 km
5445.28 km

5013 5009 5006 4994 4995 5007 5018 5022 5044 5069 5083 5093 5253 5251 5240 5246 5250 5259 5279 5285 5294 
1598.87 mins
1121.41 km
49.12 km
1072.29 km

5439 5403 5378 5364 5361 5362 5384 5387 5400 5431 5445 5048 5031 5027 5012 4997 4981 4980 4982 4985 4992 5000 5008 5017 5035 5041 5050 5062 5700 936 906 897 880 866 845 837 831 803 731 714 712 711 710 631 593 595 597 601 606 623 624 640 650 672 4295 4288 4285 4281 4292 4300 4317 2229 2204 2196 2166 2157 2149 2147 2155 2160 2163 2180 2187 2195 2201 2216 4070 4050 4048 4042 4028 4036 4039 4047 4054 4058 4062 4078 
6758.74 mins
10270.65 km
44.99 km
10225.66 km

964 967 957 952 950 949 948 947 833 839 853 854 941 5636 5635 5634 5633 5632 5631 5630 5629 
1553.02 mins
1943.92 km
19.25 km
1924.67 km

6054 6052 6050 6045 6036 6030 6028 6026 6014 6007 6002 5995 5994 5993 1124 1117 1116 1108 1097 1085 1079 1115 701 667 627 621 597 595 593 631 710 711 712 714 731 803 831 832 834 835 869 877 919 921 5682 5678 5676 4828 4810 4806 4798 4782 4780 4787 4797 4791 4773 4776 4781 4788 5382 5376 5368 5358 5356 5353 5348 5342 5339 5337 
6243.58 mins
10001.42 km
41.24 km
9960.18 km

5347 5350 5351 5361 5362 5384 5387 5400 5431 5445 5048 5031 5027 5012 4997 4981 4980 4982 4985 4992 5000 5008 5017 5035 5041 5050 5062 5700 936 906 897 880 866 845 837 831 803 731 714 712 711 710 631 593 592 309 270 239 238 242 253 292 306 328 3879 3865 3845 3833 3848 3851 3881 3890 3895 
5539.51 mins
8731.73 km
51.11 km
8680.62 km

1636 1648 1670 1706 1707 1715 1717 1734 1741 1745 1755 4977 925 902 890 841 833 947 948 949 953 1065 1066 393 366 358 362 370 386 390 404 449 2918 2917 2913 2915 2916 
3644.11 mins
6340.79 km
29.53 km
6311.25 km

5612 5613 5615 934 908 901 893 866 845 837 831 803 731 714 715 719 728 729 735 741 744 789 825 1713 1719 1714 1705 1692 1700 1301 1235 1230 1217 1197 1185 1188 1200 1205 
2817.14 mins
3634.33 km
45.68 km
3588.65 km

5371 5369 5373 5388 5389 5413 5078 5071 5051 5047 5026 5020 5003 4993 4988 4980 4982 4985 4992 5000 5008 5017 5035 5041 5050 5062 5700 936 906 897 880 866 845 837 831 829 830 833 947 948 949 950 952 957 967 971 972 986 991 996 1005 1014 1024 1025 1045 1064 3324 3159 3146 3133 3130 3126 3120 3122 3116 3123 3131 3135 3137 3139 3145 3148 2812 2775 2794 
4690.64 mins
6155.57 km
25.14 km
6130.43 km

2143 2131 2117 2094 2096 351 337 290 5897 684 682 662 635 616 607 605 602 599 596 594 593 595 597 621 627 667 701 1115 1079 1085 1097 1108 1116 1117 1124 5993 5994 5996 5999 6001 2237 2234 2249 
2808.06 mins
3886.68 km
25.85 km
3860.84 km

1872 1864 1847 1840 1808 1805 1802 1809 1814 1836 1886 1876 1044 982 977 951 949 948 947 833 830 829 831 836 840 851 
2426.51 mins
4104.34 km
27.11 km
4077.22 km

157 142 135 132 130 126 129 184 236 237 238 240 244 249 258 294 304 313 4284 4276 4282 4272 4275 4279 
2144.57 mins
3049.42 km
32.67 km
3016.74 km

5305 5296 5289 5283 5262 5231 5219 5217 5216 5218 5211 5174 5144 5131 5125 5120 5098 5099 5100 5105 5109 5111 5114 5116 5123 5141 5203 809 779 746 718 721 737 751 762 764 754 749 756 820 1709 1715 1707 1706 1631 1601 1272 1294 1557 1558 1298 1274 1293 4963 4961 4962 4964 4965 2139 5824 5825 2134 5830 5831 2138 4341 4342 4343 3793 3770 3758 3764 3767 3777 3779 3789 3805 5820 5819 
4843.28 mins
5957.13 km
42.52 km
5914.62 km

4623 4621 4617 4610 4624 1998 1977 1982 2001 4494 4502 4499 4497 4505 2025 2009 1981 2004 4859 1875 1850 1834 1823 1813 1812 1810 1806 1803 1822 1831 1835 1870 1876 1044 982 977 951 949 948 947 833 830 829 831 837 845 866 880 897 906 936 5700 5062 5050 5041 5035 5017 5008 5000 4992 4985 4982 4980 4981 4997 5012 5027 5031 5048 5445 5431 5400 5387 5407 5416 5427 5441 
5545.09 mins
8433.38 km
47.13 km
8386.25 km

146 131 130 126 129 184 236 237 238 240 244 249 258 294 304 313 4284 4276 4282 4272 4275 4279 4281 4292 4300 4317 2229 
2759.18 mins
3800.49 km
54.66 km
3745.83 km

4073 4059 4052 4046 4036 4028 4042 4048 4050 4070 2216 2201 2195 2187 2180 2163 2160 2155 2147 2149 2157 2166 2196 2204 2229 4317 4300 4292 4281 4285 4288 4295 672 650 673 683 696 707 5879 
2514.71 mins
3862.01 km
12.3 km
3849.71 km

4160 4153 4151 4152 4155 3306 3296 3295 3289 3288 3279 414 411 402 400 372 364 384 388 408 435 3087 3076 3072 3079 3085 3088 3095 3105 3035 3029 3016 3010 2986 2981 2965 2943 2937 2934 2929 2926 2928 2942 2944 2947 2948 
3419.33 mins
5147 km
39.94 km
5107.06 km

5338 5340 5341 5343 5347 5350 5351 5352 5355 5360 5366 5372 5381 5329 5322 5310 5282 5262 5231 5219 5217 5216 5218 5211 5174 5144 5131 5125 5120 5098 5099 5100 5105 5109 5111 5114 5116 5123 5141 5203 809 779 746 718 721 737 751 762 764 754 749 744 789 825 1713 1719 1714 1705 1692 1700 1301 1235 1230 1242 1243 
4636.46 mins
6675.6 km
32.6 km
6643 km

38 25 20 16 12 10 8 6 9 21 27 33 66 82 713 711 710 631 593 595 597 601 606 623 624 640 650 672 4295 4288 4285 4281 4292 4300 4317 2229 2204 2196 2166 2157 2149 2147 2155 2160 2163 2180 2187 2195 2201 2216 4070 4050 4048 4057 4063 4066 4086 4088 4097 4100 4106 4136 4137 
5806.88 mins
8792.97 km
34.12 km
8758.85 km

1390 1378 1372 1387 1393 1403 1415 788 765 733 726 720 714 731 803 831 832 834 835 869 877 919 921 5682 5678 5676 4828 
2328.66 mins
2830.27 km
38.78 km
2791.49 km

3039 3034 3017 3010 2986 2981 2965 2943 2949 2939 2931 2932 2936 2941 2952 2958 2962 2498 2486 2480 2495 1657 1642 1610 1582 1570 1561 1559 1558 1298 1279 1270 1263 1256 1247 1239 1225 1228 1233 1226 1223 1220 1285 1292 2073 2055 2039 2033 2034 2037 2051 2085 2096 351 337 290 281 273 269 261 248 243 240 238 242 253 292 306 328 3889 3894 3907 581 555 530 520 
4479.97 mins
5497.22 km
44.27 km
5452.95 km

837 845 866 880 897 906 936 5700 5062 5050 5041 5035 5017 5008 5000 4992 4985 4982 4980 4988 4993 5003 5097 
1713.16 mins
1729.47 km
36.97 km
1692.5 km

2172 2158 2152 2150 2148 2149 2157 2166 2196 2204 2229 4317 4300 4292 4281 4279 4275 4272 4282 4276 4284 313 304 294 258 249 244 240 238 237 236 184 129 126 130 133 140 147 158 178 196 198 218 5804 5803 5802 
3745.16 mins
5180.37 km
41.9 km
5138.46 km

5115 914 912 897 880 866 845 837 831 829 830 833 947 948 949 951 977 982 1044 1876 1886 1836 1814 1809 1832 1833 1816 1818 1869 1895 1973 1970 1961 1953 1975 4575 4577 4581 4582 4583 
3594.57 mins
5441.46 km
38.3 km
5403.16 km

4441 4449 4457 4501 4494 4502 4499 4497 4505 2025 2009 1981 2004 4859 1875 1850 1834 1823 1813 1812 1810 1806 1803 1822 1831 1835 1870 1876 1044 982 977 951 949 948 947 833 830 829 831 803 731 714 712 711 710 631 593 592 309 270 239 238 237 
5596.1 mins
9571.26 km
50.88 km
9520.38 km

3779 3777 3767 3764 3758 3770 3793 4343 4342 4341 2138 5831 5830 2134 5825 5824 2139 4965 4964 4962 4961 4963 1293 1274 1298 1558 1557 1294 1272 1601 1631 1706 1707 1710 1718 1724 1727 1729 1735 1737 1753 1773 1778 1781 4950 4947 4945 4946 
2642.88 mins
2859.8 km
39.81 km
2819.99 km

1192 1207 1213 1220 1223 1226 1233 1228 1225 1239 1247 1256 1258 1275 1266 1272 1601 1631 1706 1707 1715 1717 1734 1741 1745 1755 4977 925 902 890 841 833 839 847 855 879 885 938 942 5519 5514 5510 5508 5509 5511 5521 4828 5676 5677 5679 5681 5684 5685 
2853.41 mins
3531.79 km
14.9 km
3516.89 km

1364 1353 1351 1379 704 657 652 662 682 684 5897 5896 302 289 273 269 261 248 243 240 238 237 236 184 129 126 128 134 136 137 141 153 
2477.31 mins
3488.26 km
31.4 km
3456.86 km

2627 2628 2631 813 774 765 733 726 720 714 731 803 831 829 830 833 947 948 949 950 952 956 960 966 973 974 1006 1013 1022 1027 1036 1050 2964 2954 2945 2948 2947 2944 2942 2955 
2846.32 mins
4500.23 km
29.2 km
4471.03 km

4565 4552 4562 4571 4572 4575 1975 1953 1961 1970 1973 1895 1869 1818 1816 1833 1832 1809 1814 1836 1886 1876 1044 982 977 951 949 948 947 833 830 829 831 803 731 714 712 711 710 631 593 592 309 270 239 238 242 253 292 306 335 4233 4227 4229 4236 
5565.22 mins
9733.86 km
30.09 km
9703.77 km

996 991 986 972 971 967 957 952 950 949 948 947 833 830 829 831 837 845 866 880 897 912 914 5115 5108 5100 5099 5098 5120 5130 5136 5146 5157 5172 
2673.85 mins
3634.26 km
33.44 km
3600.82 km

2937 2934 2929 2926 2930 2933 2938 2945 2954 2964 1050 1036 1027 1022 1013 1006 974 973 966 960 956 952 950 949 948 947 833 839 853 854 858 863 871 882 900 937 
1913.51 mins
2551.79 km
15.23 km
2536.56 km

4410 4406 4409 4443 4456 3427 3418 3413 3398 3395 3388 3379 3364 3362 3369 3387 3422 4678 4677 4676 1054 1020 1009 1003 977 951 949 948 947 833 841 890 917 4952 4947 4950 1781 1778 
3126.52 mins
5180.24 km
24.21 km
5156.03 km

2906 2907 449 404 390 386 370 362 358 366 393 1066 1065 953 949 950 952 957 969 975 979 981 990 992 1002 
2530.87 mins
4254.36 km
28.91 km
4225.45 km

3464 3456 3454 3452 227 194 162 159 139 134 128 126 129 184 236 237 238 239 270 309 592 593 631 710 711 712 714 731 803 831 829 830 833 947 948 949 951 977 982 1044 1876 1886 1836 1814 1809 1832 1833 1816 1818 1869 1895 1973 1970 1961 1953 1975 4575 4572 4571 4562 4552 4565 
5983.48 mins
11093.33 km
14.45 km
11078.88 km

5530 5528 5523 5519 5514 5510 5508 5509 5511 5521 4828 4810 4806 4798 4782 4780 4787 4797 4791 4804 4807 4812 4823 5645 5644 5648 5410 5385 5393 5402 5432 
1814.77 mins
2713.12 km
16.9 km
2696.22 km

1937 1925 1922 1930 1934 1944 1947 1943 1897 1872 1864 1847 1840 1808 1805 1802 1809 1814 1836 1886 1876 1044 982 977 951 949 948 947 833 830 829 831 837 845 866 880 897 912 914 5115 5108 5100 5099 5098 5120 5125 5131 5144 5174 5206 5209 5552 5554 
3938.87 mins
6131.23 km
24.21 km
6107.03 km

2312 2317 2322 2334 2348 2365 3479 3475 3472 3462 3456 3454 3452 227 194 162 159 139 134 128 126 130 131 146 160 165 171 197 207 212 224 233 234 5795 5793 5792 5791 5789 
2555.65 mins
2818.69 km
55.75 km
2762.93 km

4360 4359 4358 4363 4368 4369 4370 4379 4397 4393 4406 4409 4443 4456 3427 3418 3413 3398 3395 3388 3379 3364 3362 3369 3387 3422 4678 4677 4676 1054 1020 1009 1003 977 951 949 948 947 833 830 829 831 803 731 714 712 711 710 631 593 594 596 599 602 605 607 616 635 656 660 666 671 679 
5849.98 mins
9836.74 km
61.6 km
9775.14 km

56 54 50 59 61 64 67 77 85 2567 2559 2550 2548 2557 2563 2569 2561 2556 2571 2604 2622 2621 2620 2619 810 790 736 727 724 720 714 712 711 710 631 593 594 610 611 663 313 304 294 258 263 267 
3903.1 mins
6060.74 km
32.04 km
6028.7 km

2495 1657 1653 1640 1617 1587 1571 1569 1565 1566 1591 1601 1631 1706 1707 1715 1709 820 756 749 754 764 762 751 737 721 718 746 779 809 5203 5463 5464 5465 2604 5457 5459 5460 5462 2618 2596 2608 
2776.16 mins
3445.62 km
29.29 km
3416.33 km

2428 2426 2425 2435 2445 2446 2453 2457 1050 1036 1027 1022 1013 1006 974 973 966 960 956 952 950 949 948 947 833 830 829 831 832 834 835 869 877 919 930 5600 5595 5593 5589 5585 5575 5571 5570 5085 5075 5064 5039 5045 5052 5056 5068 5081 5711 5712 5713 5066 
3364.25 mins
4240.01 km
24.59 km
4215.42 km

2297 2299 2300 2307 2312 2317 2322 2334 2348 2365 3479 3475 3472 3462 3456 3454 3452 227 194 162 159 139 134 128 126 129 184 236 237 238 239 270 309 592 593 595 597 601 606 623 
3232.34 mins
5061.29 km
40.37 km
5020.92 km

3784 3788 3795 4919 4917 4916 4915 4914 4913 4912 4908 4902 4901 4900 4899 4897 4896 4894 4891 4890 4889 4887 4885 4879 4877 4892 4895 4898 1657 2495 2480 2452 2440 2437 2430 2429 2426 2425 2435 2445 2446 2453 2457 1050 1036 1027 1022 1013 1006 974 973 966 960 956 952 950 949 951 977 982 1044 1876 1870 1835 1831 1822 1803 1806 1810 1812 1813 1823 1834 1850 1875 4859 1902 1894 1878 
4704.25 mins
5940.93 km
50.34 km
5890.59 km

534 558 561 571 2221 2186 2166 2196 2204 2229 4317 4300 4292 4281 4285 4288 4295 672 650 640 624 623 606 601 597 595 593 631 710 711 712 714 731 803 831 837 838 
3119.27 mins
5565.82 km
14.41 km
5551.41 km

5565 5562 5563 5564 4826 5686 5685 5684 5681 5679 5677 5676 5678 5682 921 919 877 869 835 834 832 831 803 731 714 712 711 710 631 593 595 597 601 606 623 624 640 650 672 4295 4288 4285 4281 4292 4300 4317 2229 2204 2196 2166 2186 2221 571 
4362.51 mins
7018.39 km
34.77 km
6983.62 km

1112 1128 1144 1182 1449 1442 1437 1432 1446 1443 1448 1451 1455 1460 1462 1490 1496 1510 2694 2689 2686 2685 104 92 74 80 89 
2319.49 mins
3203.04 km
42.54 km
3160.5 km

3079 3072 3069 3068 3070 3071 3073 3077 3081 3089 3096 3114 3120 3126 3130 3134 3138 3150 3156 3163 3168 3181 3341 3342 3343 3344 3348 3349 3361 3362 3364 3379 3388 3395 3398 3413 3418 3427 4456 4443 4454 4458 4461 4472 4608 4604 4596 4607 4610 4624 1998 1977 1982 2001 
3955.69 mins
4897.95 km
51.95 km
4846 km

3192 3194 3037 3026 3001 2989 2965 2943 2949 2939 2931 2932 2936 2941 2952 2958 2962 2498 2486 2480 2495 1657 1642 1610 1582 1570 1561 1559 1558 1298 1279 1270 1263 1256 1247 1239 1225 1228 1233 1226 1223 1220 1285 1292 2073 2055 2039 2033 2034 2037 2051 2085 2096 351 337 290 281 273 269 261 248 243 240 238 237 
3707.08 mins
4538.14 km
22.53 km
4515.61 km

736 740 742 745 748 750 760 773 782 792 809 5203 5141 5123 5116 5114 5111 5109 5105 5100 5099 5098 5120 5130 5136 5137 5086 5710 
2120.65 mins
1672.61 km
42 km
1630.61 km

3735 2146 3770 3793 4343 4342 4341 2138 5831 5830 2134 5825 5824 2139 4965 4964 4962 4961 4963 1293 1274 1298 1558 1559 1561 1570 1582 1610 1642 1657 2495 2480 2452 2440 2437 2430 2429 2426 2425 2419 2415 2404 2393 2390 2389 2384 2383 
2649.7 mins
2915.53 km
33.94 km
2881.59 km

3128 3119 3110 3091 3079 3085 3088 3095 3105 3035 3029 3016 3010 2986 2981 2965 2943 2949 2939 2931 2932 2936 2941 2952 2958 2962 2498 2486 2480 2495 1657 1653 1640 1617 1587 1571 1569 1565 1566 1591 1601 1631 1706 1707 1715 1709 820 756 749 754 764 762 751 737 721 718 746 779 809 5203 5463 5464 5465 2604 2571 2556 2561 2575 2585 
4330.6 mins
5680.1 km
30.4 km
5649.69 km

2582 2570 2562 2554 2553 2560 2572 2566 2568 2576 2590 2596 2618 5462 5460 5205 5186 5175 5134 5116 5114 5111 5109 5105 5100 5108 5115 914 912 897 880 866 893 901 908 934 5615 5613 5612 5608 5601 5596 5591 
2511.87 mins
2751.98 km
5.88 km
2746.1 km

3485 3487 3495 3497 3498 3500 230 208 190 162 159 139 134 128 126 130 131 146 160 165 171 197 204 206 3755 3747 3741 3738 3739 3746 3750 3752 3758 3770 3793 4343 4342 4341 2138 5831 5830 2134 5825 5824 2139 4965 4964 4962 4961 4963 1293 1274 1298 1558 1557 1294 1272 1288 1295 1688 1690 1679 1683 1698 
3262.78 mins
4019.57 km
15.22 km
4004.35 km

2865 2861 2856 2854 2853 2852 2857 2860 2877 2894 2807 2815 4363 4368 4369 4370 4379 4397 4393 4406 4409 4443 4454 4606 4603 4602 4597 4594 4590 4586 4585 4583 4582 4581 4577 4575 1975 1953 1961 1970 1973 1895 
3092.65 mins
4080.62 km
40.39 km
4040.22 km

531 536 582 3994 3995 3997 3998 4000 4001 4002 575 5732 5726 
1159.09 mins
1271.95 km
35.62 km
1236.34 km

1740 1767 1771 1773 1778 1781 1790 4976 4977 4978 940 915 895 889 872 903 910 916 922 939 5694 5689 5688 944 911 869 877 
1359.53 mins
1403.93 km
14.37 km
1389.56 km

1269 1251 1231 1227 1224 1204 1222 1245 1217 1230 1235 1301 1700 1692 1683 1677 1685 1695 1704 1709 1715 1717 1734 1742 1749 
1928.01 mins
2095.8 km
44.79 km
2051.01 km

3957 3956 3952 3950 3947 3944 3914 3903 3891 3879 328 306 292 253 242 238 239 270 309 592 593 631 710 711 712 714 731 803 831 829 830 833 947 948 949 951 977 982 1044 1876 1886 1836 1814 1809 1832 1858 1851 1839 1889 3425 
5252.96 mins
9522.03 km
52.89 km
9469.14 km

4715 4716 4717 941 854 853 839 833 830 829 831 803 731 714 712 711 710 631 593 595 597 621 627 667 701 1067 1070 1071 1074 1076 1081 1096 
3322.63 mins
5672.16 km
37.22 km
5634.94 km

3577 3578 3580 3583 3554 3551 3536 3530 3543 3555 4335 3903 3891 3879 328 306 292 253 242 238 239 270 309 592 593 631 710 711 712 714 731 803 831 829 830 833 839 853 854 941 5636 5635 5634 5633 5632 5631 5630 5629 5628 
4437.63 mins
7831.57 km
21.27 km
7810.31 km

3513 3510 3503 3507 3508 3509 3515 3521 3528 3530 3544 
1052.92 mins
677.48 km
34.7 km
642.78 km

1703 1713 825 789 766 783 794 800 821 2633 
972.1 mins
674.07 km
37.01 km
637.05 km

2963 2959 2953 2946 2938 2933 2930 2926 2925 2927 2931 2932 2936 2941 2952 2958 2962 2498 2486 2480 2495 1657 1642 1610 1582 1570 1561 1559 1558 1298 1279 1270 1263 1256 1247 1239 1225 1228 1233 1226 1223 1220 1285 1292 2073 2055 2039 2033 2034 2037 2051 2085 2096 351 337 290 281 273 269 261 248 243 240 238 242 253 292 306 328 3879 3891 3903 3914 3944 3943 3677 3675 3665 3660 3656 
4613.52 mins
5373.84 km
44.32 km
5329.52 km

3692 235 3861 3843 3834 3826 3822 3816 256 242 253 292 306 335 4233 4227 4225 4226 4232 4234 4237 4240 4242 4244 4250 4253 
1726.53 mins
2103.76 km
22.49 km
2081.27 km

2180 2163 2160 2155 2147 2149 2157 2166 2196 2204 2229 4317 4327 1174 1148 1126 1102 1100 1079 1075 1068 1067 698 645 653 661 674 703 1132 1170 1430 1428 1429 1431 1436 1441 1444 
2812.56 mins
4001.98 km
32.59 km
3969.39 km

5853 5855 5854 5852 693 675 668 652 620 614 607 605 602 599 596 594 593 631 710 711 712 714 731 803 831 829 830 833 839 847 855 
2581.08 mins
4571.23 km
13.84 km
4557.4 km

479 482 484 489 492 496 502 520 530 555 581 3907 3894 3889 3879 3865 3845 3833 3823 3812 3811 3807 3809 3810 3813 3820 3821 3824 3827 3837 3841 228 203 185 191 205 
2364.96 mins
2875.72 km
33.73 km
2841.99 km

2329 2323 2308 2301 2295 2287 2281 2274 2271 2284 2280 2290 2294 2306 2311 2314 2332 2340 2342 2347 2351 2358 3590 3586 3567 3533 3539 3536 3530 3543 3555 4335 3903 3908 3911 3907 3910 3921 3991 3989 3990 566 589 4113 4112 4114 2258 2242 2204 2196 2166 2157 2149 2148 2150 2152 2158 2173 2191 2234 2249 6019 6020 6024 6029 6050 6045 6036 
4435.87 mins
6661.47 km
20.41 km
6641.06 km

4745 4746 4747 4749 4751 4753 4755 4757 4766 4780 4782 4798 4806 4810 4828 5676 5678 5682 921 919 877 869 835 834 832 831 803 731 714 712 711 710 631 593 592 309 270 591 535 491 479 482 484 489 492 515 518 539 575 5732 5726 5725 5723 
4972.75 mins
8396.39 km
25.98 km
8370.41 km

3957 3956 3952 3950 3947 3944 3914 3903 3891 3879 328 306 292 253 242 238 237 236 184 129 126 
2139.52 mins
3106.82 km
44.76 km
3062.06 km

5945 5946 5947 5948 2616 2608 2611 5990 5213 5190 5186 5175 5134 5116 5114 5111 5109 5105 5100 5108 5115 914 912 897 880 866 893 860 843 835 869 877 919 921 5682 5678 5676 4828 4810 4806 4798 4782 4780 4787 4797 4791 4804 4807 4819 
3403.84 mins
3610.82 km
51.12 km
3559.69 km

2552 2547 2542 2539 2541 2544 2546 2549 105 96 74 66 82 713 711 710 631 593 594 610 611 663 313 304 294 258 249 244 240 241 245 246 283 293 299 329 3702 3699 3698 3695 3693 3694 3696 3697 
4157.04 mins
5885.29 km
50.28 km
5835.01 km

4234 4237 4241 4246 352 4269 4273 4274 4276 4284 681 655 643 619 610 594 593 631 710 711 712 714 720 724 727 736 790 810 2619 2620 2621 2622 2604 2571 2556 2561 2569 2563 2557 2548 2550 2559 2567 85 91 99 5984 5985 87 79 86 
4142.72 mins
6392.74 km
39.11 km
6353.63 km

5342 5348 5353 5356 5358 5368 5376 5382 4788 4781 4776 4773 4791 4797 4787 4780 4782 4798 4806 4810 4828 5521 5511 5509 5508 5505 5503 5501 5499 5497 5494 
2224.19 mins
3425.81 km
19.92 km
3405.88 km

3489 3486 3484 3482 3478 3476 3474 3472 3462 3456 3454 3452 227 194 162 159 139 134 128 126 125 123 121 118 119 120 124 138 590 469 448 3241 3237 3233 3256 3272 3274 3279 414 411 402 400 372 364 360 359 358 362 363 
4754.62 mins
8108.5 km
18.41 km
8090.1 km

4917 4916 4915 4914 4913 4912 4908 4902 4901 4900 4899 4897 4896 4894 4891 4890 4889 4887 4885 4879 4877 4892 4895 4898 1657 2495 2480 2452 2440 2437 2430 2429 2426 2425 2435 2445 2446 2453 2457 1050 1036 1027 1022 1013 1006 974 973 966 960 956 952 950 949 951 977 982 1044 1876 1870 1835 1831 1822 1803 1806 1810 1812 1813 1823 1834 1850 1875 4859 2004 1981 2009 4665 4663 4661 4657 4654 4655 4656 4658 2000 2015 
4917.19 mins
6408.55 km
29.81 km
6378.73 km

5999 5996 5994 5993 1124 1117 1116 1108 1097 1085 1079 1115 701 667 627 621 597 595 593 631 710 711 712 714 720 724 727 736 790 810 2619 2620 2621 2622 2604 5457 5459 5460 5462 2618 2596 2608 2616 5948 5947 5946 
3892.64 mins
5570.86 km
39.57 km
5531.29 km

2451 2445 2435 2425 2426 2429 2430 2437 2440 2452 2480 2495 1657 1642 1610 1582 1570 1561 1559 1558 1298 1274 1293 4963 4961 4962 4964 4965 2139 5824 5825 2134 5830 5831 2138 4341 4342 4343 3793 3770 3758 3752 3750 3746 3739 3738 3741 3747 3755 206 204 197 171 165 160 146 131 130 126 128 134 139 159 162 190 208 230 3500 3498 3497 3495 3487 3485 3481 2375 2363 
4192.21 mins
4684.8 km
43.09 km
4641.71 km

3083 3092 3100 3094 3078 3077 3081 3089 3096 3114 3120 3126 3130 3133 3146 3159 3324 1064 1045 1025 1024 1014 1005 996 991 986 972 971 967 957 952 950 949 948 947 833 830 829 831 837 845 866 880 897 912 914 5115 5108 5100 5099 5098 5120 5125 5131 5144 5174 5211 5218 5216 5217 5220 5222 5226 
4421.03 mins
5834.89 km
40.95 km
5793.95 km

5191 5204 5210 5642 928 918 894 845 866 880 897 912 914 5115 5108 5100 5099 5098 5120 5125 5131 5144 5174 5211 5218 5216 5217 5219 5231 5233 5235 5236 5247 5248 5271 
2252.68 mins
2375.27 km
29.63 km
2345.64 km

2520 2517 2516 2510 2507 2515 2524 810 790 736 727 724 720 714 731 803 831 829 830 833 947 948 949 950 952 957 
2436.06 mins
4262.82 km
25.96 km
4236.86 km

1169 1163 1154 1145 1157 1149 1130 1122 1119 1113 1102 1100 1079 1115 701 667 627 621 597 595 593 594 596 599 602 605 607 614 620 652 657 690 1401 1286 1264 1234 1229 1216 1200 1205 1212 1213 1220 1223 1226 1233 1228 1225 1239 1247 1256 1263 1270 1279 1298 1558 1559 1561 1570 1582 1610 1642 1657 2495 2480 2486 2498 2962 2958 2952 2941 2936 2932 2931 2939 2949 2943 2965 2981 2986 3010 3017 3034 3039 3113 3109 3106 3093 3090 3081 3077 3078 3094 3100 3092 
5021.57 mins
5965.43 km
21.54 km
5943.89 km

266 260 250 245 241 240 244 249 258 294 304 313 663 611 610 594 593 631 710 711 712 714 715 716 717 718 746 779 809 5203 5141 5123 5116 5114 5111 5109 5105 5100 5099 5101 5103 5104 5110 5118 
3357.98 mins
4857.93 km
28.55 km
4829.38 km

3349 3348 3344 3343 3342 3341 3181 3336 3334 3333 3331 3332 1051 984 978 964 967 957 952 950 949 948 947 833 830 829 831 837 845 866 880 897 906 936 5700 5062 5050 5041 5035 5017 5008 5000 4992 4985 4982 4980 4988 4993 5025 5014 5040 
3539.34 mins
5356.45 km
26.32 km
5330.13 km

2911 2910 2909 2908 2906 2907 449 404 390 386 370 362 358 366 393 1066 1065 953 949 948 947 833 830 829 831 803 731 714 720 726 733 765 788 1415 1403 1405 1500 1496 1490 1494 
4429.3 mins
8212.47 km
26.01 km
8186.47 km

670 680 688 687 663 611 610 594 593 631 710 711 712 714 720 724 727 736 790 810 2619 2620 2621 2622 2604 2571 2556 2561 2569 2563 2557 2548 2550 2559 2567 85 77 67 64 61 
3505.04 mins
5483.7 km
28.81 km
5454.89 km

4446 4451 4465 4846 4630 4627 
624.83 mins
497.82 km
27.52 km
470.31 km

2900 2902 2904 2906 2907 449 404 390 386 370 362 358 366 393 1066 1065 953 949 948 947 833 830 829 831 803 731 714 712 711 710 631 593 595 597 621 627 667 701 1115 1079 1085 1097 1108 1116 1117 1124 5993 5994 5995 6002 6007 6014 6026 6028 6030 6034 6040 
5759.38 mins
11004.03 km
20.04 km
10983.99 km

2593 2585 2575 2561 2556 2571 2604 2622 2621 2620 2619 810 790 736 727 724 720 714 712 711 710 631 593 595 597 601 606 623 624 640 650 672 4295 4288 4285 4281 4292 4300 4317 2229 2204 2196 2166 2157 2149 2147 2155 2160 2163 2190 2199 2233 2227 2255 
4329.35 mins
6770.93 km
37.68 km
6733.25 km

3601 3604 3607 3612 3613 3623 3632 3638 3641 3667 3673 3687 3949 3946 3554 3551 3536 3530 3528 3521 3515 3509 3508 3507 3503 3510 215 193 190 162 159 139 134 128 126 130 
2253.65 mins
2775.49 km
19.9 km
2755.59 km

5529 5532 5522 5518 5515 5520 5525 5527 911 869 835 834 832 831 803 731 714 712 711 710 631 593 595 597 621 627 667 701 1115 1079 1100 1102 1126 1148 1174 5867 5866 
3424.07 mins
5426.4 km
42.08 km
5384.32 km

2318 2315 2313 2296 2291 2289 2277 2275 2273 2267 2265 2266 2268 2269 2271 2274 2281 2287 2295 2301 2308 2323 2329 
1658.26 mins
1457.55 km
35.89 km
1421.67 km

3215 3213 3212 3211 3208 3204 3203 3202 3201 3198 3193 3192 3194 3037 3026 3001 2989 2965 2943 2937 2934 2929 2926 2930 2933 2938 2945 2954 2964 1050 1036 1027 1022 1013 1006 974 973 966 960 956 952 950 949 948 947 833 839 853 854 941 5636 5635 5634 5633 5632 5631 5630 5629 5628 5627 5626 5625 5624 4821 4789 4775 4768 
4153.74 mins
5532.81 km
23.55 km
5509.26 km

109 102 85 2567 2559 2550 2548 2557 2563 2569 2561 2556 2571 2604 5465 5464 5463 5203 809 779 746 718 721 737 751 762 764 754 749 756 820 1709 1715 1707 1706 1631 1650 
2863.28 mins
3632.22 km
30.37 km
3601.85 km

662 682 684 5897 5896 302 289 273 269 261 248 243 240 238 242 253 292 306 328 3879 3891 3903 4335 3555 3543 3530 3536 3539 3533 3567 3586 3590 2379 2369 2356 2336 2328 2325 2324 2326 2327 2331 
2801.22 mins
4103.48 km
26.64 km
4076.84 km

4490 4488 4494 4502 4499 4497 4505 2025 2009 1981 2004 4859 1875 1850 1834 1823 1813 1812 1810 1806 1803 1822 1831 1835 1870 1876 1044 982 977 951 949 948 947 833 830 829 831 837 845 866 880 897 906 936 5700 5062 5050 5041 5035 5017 5030 
3751.41 mins
5728.43 km
22.62 km
5705.8 km

3135 3131 3123 3116 3122 3120 3126 3130 3133 3146 3159 3324 1064 1045 1025 1024 1014 1005 996 991 986 972 971 967 957 952 950 949 948 947 833 830 829 831 803 731 714 720 726 733 765 788 1415 1403 1405 1500 1496 1490 1462 1460 1455 1451 1448 1443 1446 1450 1459 1465 1467 1476 1486 1492 1498 1502 1508 1515 1532 
5324.08 mins
6993.1 km
51.61 km
6941.49 km

3022 3032 3021 2995 2970 2966 2953 2946 2938 2933 2930 2926 2925 2927 2931 2932 2936 2941 2952 2958 2962 2498 2486 2480 2495 1657 1642 1610 1582 1570 1561 1559 1558 1557 1294 1272 1288 1295 1688 1690 1679 1686 
2565.31 mins
2743.89 km
28.54 km
2715.34 km

3637 3631 3634 3636 3649 3658 3664 3676 5746 5745 5744 5747 5749 5751 5752 5753 5754 5755 5756 5757 
1502.43 mins
1585.06 km
28.07 km
1556.99 km

4838 4839 4840 1896 1876 1886 1867 1849 1837 
620.69 mins
538.66 km
15.21 km
523.46 km

2816 2817 2878 2871 2870 2869 2864 2863 2862 2860 2877 2894 2807 2815 4363 4368 4369 4370 4379 4397 4393 4406 4409 4443 4454 4458 4461 4472 4608 4604 4596 4607 4609 4612 4614 1980 1974 1967 1956 1948 1936 1929 1920 1912 1911 1913 1942 1909 
2849.22 mins
3779.93 km
17.41 km
3762.52 km

2600 2588 2583 2578 2574 2554 2553 2560 2572 2566 2557 2563 2569 2561 2556 2571 2604 2622 2621 2620 2619 810 790 736 727 724 720 714 712 711 710 631 593 594 610 619 643 655 681 4284 4276 4274 4273 4269 352 4246 4241 4237 4234 4232 4235 4238 4243 4248 4255 
4010.8 mins
6224.32 km
32.33 km
6191.99 km

4459 4444 4426 4405 4401 4388 4385 4374 4367 4364 4362 4361 4360 4359 4358 4363 2815 2807 2894 2877 2860 2862 2863 2864 2869 2870 2871 
2132.43 mins
2669.36 km
36.93 km
2632.42 km

2413 2404 2415 2419 2425 2426 2429 2430 2437 2440 2452 2480 2495 1657 1642 1610 1582 1570 1561 1559 1558 1298 1279 1270 1263 1256 1247 1239 1225 1228 1233 1226 1223 1220 1285 1292 2073 2055 2039 2033 2034 2037 2051 2085 2096 351 337 290 281 273 269 261 248 243 240 238 242 253 292 306 328 3879 3891 3903 4335 3555 
4085.74 mins
4864.49 km
56.48 km
4808.01 km

3199 3196 3195 3192 3194 3037 3026 3001 2989 2965 2943 2949 2939 2931 2932 2936 2941 2952 2958 2962 2498 2486 2480 2495 1657 1642 1610 1612 1629 1628 
2369.06 mins
2448.46 km
40.94 km
2407.52 km

804 769 755 736 727 724 720 714 731 803 831 829 830 833 841 890 917 4952 4947 4950 
2069.59 mins
2933.73 km
39.86 km
2893.87 km

1608 1620 1623 1655 1588 1577 1571 1567 1564 1560 1559 1558 1298 1279 1270 1263 1256 1247 1239 1225 1228 1233 1226 1223 1220 1213 1212 1205 1200 1216 1229 1234 1264 1286 1401 690 657 652 620 614 607 605 602 599 596 594 593 595 597 621 627 667 701 1115 1079 1100 1102 1113 1119 1122 1130 1149 1157 1145 1154 1163 1169 1176 
3363.48 mins
3914.69 km
20.63 km
3894.07 km

2792 2777 2767 2778 2781 418 398 391 382 396 397 401 405 416 429 3102 3100 3094 3078 3077 3081 3090 3093 3106 3109 3113 3039 3034 3017 3010 2986 2981 2965 2943 2949 2939 2931 2932 
2385.98 mins
3132.18 km
25.4 km
3106.78 km

